10 0 2 1 3 3 4 1 1 2 4 4 
101 0 4 4 2 2 2 2 4 4 3 2 2 3 3 1 4 2 3 4 4 1 3 1 1 2 4 4 4 2 4 1 1 2 3 3 3 3 1 1 1 1 3 3 2 4 1 4 2 2 2 2 4 2 2 3 3 1 4 2 4 1 3 1 4 4 4 2 4 1 3 3 3 3 1 1 1 3 3 2 4 1 4 2 2 2 4 2 2 3 3 1 4 2 4 1 3 1 1 2 4 4 4 
166 0 4 4 4 2 2 4 4 1 2 1 1 3 1 1 3 3 3 3 2 2 2 1 1 1 4 4 4 4 2 2 3 3 3 4 4 4 1 1 3 3 3 3 2 2 4 4 4 4 4 2 2 3 1 4 1 4 3 2 2 3 3 1 1 3 3 3 3 2 4 1 4 2 1 4 4 2 2 4 4 1 1 3 3 3 3 4 4 4 1 1 3 3 3 3 2 2 4 4 4 4 4 4 1 2 1 3 2 3 3 3 3 3 3 4 1 1 4 4 4 4 2 4 4 2 3 2 2 3 3 1 1 3 3 3 3 2 4 1 1 2 4 4 4 2 2 4 4 1 1 1 2 3 3 3 3 4 4 4 1 1 3 3 3 3 2 2 
33 0 4 2 4 2 4 2 2 3 3 4 4 1 1 3 2 3 2 4 1 1 1 3 2 2 1 1 1 1 4 2 2 2 2 
58 0 4 2 4 4 2 2 4 2 2 3 3 1 3 3 2 3 1 2 4 1 4 4 2 3 3 4 4 4 4 1 1 3 1 1 3 3 3 4 2 2 1 1 1 2 4 4 2 2 4 2 2 3 3 3 4 1 3 3 
362 0 3 3 1 1 1 2 2 2 1 1 1 1 2 2 2 2 3 3 1 1 1 3 1 3 1 4 4 3 3 4 2 2 4 2 2 2 3 2 3 3 3 3 1 1 1 3 1 1 1 1 4 4 4 1 4 4 4 4 2 2 1 1 3 3 3 3 2 3 3 3 2 2 2 2 4 2 4 4 3 3 2 2 4 4 4 4 1 4 4 3 1 1 1 3 4 2 2 2 3 2 3 3 3 3 1 1 1 3 1 1 1 2 2 2 4 2 2 1 4 4 4 3 3 3 2 2 4 4 4 4 1 4 1 1 1 3 1 3 3 4 4 2 4 2 2 2 3 2 3 3 3 3 1 1 1 3 4 3 1 1 1 1 4 3 2 2 2 2 4 2 4 4 4 1 1 3 1 2 3 1 1 2 2 4 4 4 1 1 3 2 4 2 4 2 2 2 3 2 3 3 3 3 1 1 1 3 1 1 1 1 4 4 3 3 2 2 2 2 1 1 1 1 4 4 2 2 4 2 2 4 2 3 3 4 4 3 3 4 1 1 1 4 4 2 4 2 2 2 3 2 3 3 3 3 1 1 2 2 4 4 3 3 1 1 4 4 1 1 1 4 3 3 2 4 2 4 4 1 4 2 2 1 3 3 3 4 4 1 1 1 4 4 3 3 2 2 4 3 2 3 3 2 3 3 2 2 4 4 3 3 1 1 4 4 1 4 4 4 2 1 1 3 1 1 4 4 3 3 2 2 2 3 3 2 3 3 2 2 4 4 4 4 3 3 3 3 4 4 4 4 1 4 4 4 2 4 4 1 3 3 3 3 
164 0 2 2 2 3 1 3 3 1 3 3 2 2 2 1 1 1 4 4 2 4 4 2 2 2 3 3 3 3 3 4 4 4 3 3 3 4 4 4 4 4 1 1 1 3 3 3 1 3 2 2 2 1 1 4 1 4 2 4 4 2 2 2 3 3 3 3 1 1 1 4 3 4 4 4 4 4 1 1 3 4 2 2 2 3 2 2 3 3 1 3 2 4 4 4 1 1 1 3 3 3 4 4 4 2 2 2 3 3 3 3 1 1 2 2 4 4 4 4 1 1 1 3 3 3 2 2 4 2 1 3 3 2 4 1 3 4 1 1 1 3 2 2 2 1 1 4 4 4 4 4 1 1 3 2 4 2 3 3 3 1 3 2 2 2 
77 0 3 3 3 2 3 3 3 1 1 4 3 2 2 4 4 4 1 4 4 4 3 2 1 1 2 3 3 2 3 3 1 2 4 4 1 3 3 3 4 4 4 4 4 4 3 2 3 3 3 3 4 4 4 1 4 1 1 3 3 3 2 3 4 1 4 4 4 2 2 2 3 3 4 1 3 3 3 
243 0 4 3 3 1 3 1 3 3 2 3 2 3 3 1 4 1 1 1 4 1 1 2 2 3 2 2 2 4 2 4 1 1 2 2 4 1 3 1 4 2 4 1 2 4 2 4 4 1 3 3 3 3 2 3 3 1 4 2 4 1 1 2 4 4 2 1 3 3 3 3 3 3 4 1 1 1 4 1 1 3 4 2 4 4 4 1 4 4 2 2 2 2 1 1 1 1 3 3 2 3 3 3 2 3 2 2 2 4 4 4 4 4 2 4 4 1 3 3 3 4 4 1 1 1 1 1 2 2 2 2 2 3 3 3 2 3 3 3 1 4 4 2 4 1 3 1 4 2 2 3 3 1 3 1 1 1 4 1 1 3 2 2 2 2 1 1 4 1 4 4 4 1 4 4 2 2 2 2 2 2 3 1 3 3 3 2 3 3 3 1 4 4 4 2 4 1 2 1 4 4 4 1 1 1 1 3 3 3 3 3 1 3 2 2 2 2 1 1 4 1 4 4 4 4 4 2 2 2 2 3 3 3 3 2 3 3 3 1 4 4 2 4 1 
44 0 2 4 4 4 1 3 4 4 4 1 1 3 3 2 2 1 1 4 3 2 2 3 2 3 3 1 4 4 4 1 1 3 2 2 1 4 1 4 4 2 3 1 3 2 
149 0 1 3 3 3 2 3 3 3 1 4 2 1 2 4 4 1 4 4 4 2 4 1 4 1 1 3 2 4 2 3 2 3 3 1 3 3 2 1 3 4 4 4 2 4 4 1 2 3 3 1 3 3 3 2 3 3 1 4 2 4 4 1 3 2 4 1 4 4 2 4 4 1 2 3 3 1 4 2 4 1 3 3 3 3 3 2 3 3 1 4 4 4 4 4 3 3 3 3 1 1 3 2 4 3 3 2 4 4 2 4 4 1 4 4 2 4 4 1 3 3 3 4 4 4 4 1 1 3 3 2 1 4 4 2 2 3 3 3 4 4 4 1 1 3 2 4 2 3 3 
